2rfb_1_0,2rfb_1_1,2rfb_1_10,2rfb_1_2,2rfb_1_3,2rfb_1_4,2rfb_1_5,2rfb_1_6,2rfb_1_7,2rfb_1_8,2rfb_1_9,2rfb_2_0,2rfb_2_1,2rfb_2_10,2rfb_2_2,2rfb_2_3,2rfb_2_4,2rfb_2_5,2rfb_2_6,2rfb_2_7,2rfb_2_8,2rfb_2_9,2rfb_3_0,2rfb_3_1,2rfb_3_10,2rfb_3_2,2rfb_3_3,2rfb_3_4,2rfb_3_5,2rfb_3_6,2rfb_3_9,3s79_1_0,3s79_1_1,3s79_1_10,3s79_1_2,3s79_1_3,3s79_1_4,3s79_1_5,3s79_1_6,3s79_1_7,3s79_1_8,3s79_1_9,3s79_2_0,3s79_2_1,3s79_2_10,3s79_2_2,3s79_2_3,3s79_2_4,3s79_2_5,3s79_2_6,3s79_2_7,3s79_2_8,3s79_2_9,3s79_3_0,3s79_3_1,3s79_3_10,3s79_3_2,3s79_3_3,3s79_3_4,3s79_3_5,3s79_3_6,3s79_3_7,3s79_3_8,3s79_3_9,4e2p_1_0,4e2p_1_1,4e2p_1_10,4e2p_1_11,4e2p_1_2,4e2p_1_3,4e2p_1_4,4e2p_1_5,4e2p_1_6,4e2p_1_7,4e2p_1_8,4e2p_1_9,4e2p_2_0,4e2p_2_1,4e2p_3_0,4e2p_3_1,4e2p_3_10,4e2p_3_2,4e2p_3_3,4e2p_3_4,4e2p_3_5,4e2p_3_6,4e2p_3_7,4e2p_3_8,4e2p_3_9,4ubs_1_0,4ubs_1_1,4ubs_1_10,4ubs_1_11,4ubs_1_4,4ubs_1_5,4ubs_1_6,4ubs_1_7,4ubs_1_8,4ubs_1_9,4ubs_2_1,4ubs_2_11,4ubs_2_12,4ubs_2_2,4ubs_2_3,4ubs_2_4,4ubs_2_5,4ubs_2_6,4ubs_2_7,4ubs_2_8,4ubs_2_9,4ubs_3_0,4ubs_3_1,4ubs_3_10,4ubs_3_2,4ubs_3_3,4ubs_3_4,4ubs_3_5,4ubs_3_6,4ubs_3_7,4ubs_3_8,4ubs_3_9,6a17_1_0,6a17_1_1,6a17_1_10,6a17_1_11,6a17_1_12,6a17_1_2,6a17_1_3,6a17_1_4,6a17_1_5,6a17_1_6,6a17_1_7,6a17_1_8,6a17_1_9,6a17_2_0,6a17_2_1,6a17_2_10,6a17_2_2,6a17_2_3,6a17_2_4,6a17_2_5,6a17_2_6,6a17_2_7,6a17_2_8,6a17_2_9,6a17_3_0,6a17_3_1,6a17_3_10,6a17_3_2,6a17_3_3,6a17_3_4,6a17_3_5,6a17_3_6,6a17_3_7,6a17_3_8,6a17_3_9
0,0.106615751,0.134949664,0.112646484,0.154223382,0.104461541,0.076174765,0.121931809,0.134252422,0.186028605,0.132170079,0.003588824,0.090770642,0.0851908,0.072894667,0.078147582,0.093499171,0.080086345,0.077943609,0.095933267,0.088906225,0.08221216,0.003653315,0.108005763,0.067569812,0.119616138,0.079571463,0.069817357,0.139263147,0.113662626,0.089822974,0.040889216,0.090231429,0.107769943,0.088059985,0.073112438,0.111230213,0.12507112,0.128921784,0.112808783,0.105315515,0.101876372,0.041568546,0.127976536,0.167713955,0.061349532,0.105973572,0.094808466,0.118114366,0.119687397,0.17787804,0.193596745,0.131791147,0.040644853,0.068397615,0.06522326,0.069591532,0.044214582,0.043190259,0.066199232,0.070283305,0.112094522,0.059342179,0.059795292,0.032737428,0.087602003,0.057353064,0.064078374,0.088859665,0.053968321,0.085670924,0.059911138,0.071316913,0.076988423,0.064146452,0.065354086,0.032348258,0.049425297,0.032172193,0.087082821,0.070726506,0.116012738,0.086932917,0.083386951,0.069791991,0.077323489,0.067770749,0.092409667,0.073559761,0.07782618,0.080201046,0.078720243,0.099078858,0.079249232,0.084563932,0.068173153,0.067050743,0.064766736,0.084414001,0.072859283,0.09929018,0.090086182,0.043883035,0.075236838,0.106318712,0.100343573,0.090960483,0.093219827,0.114014264,0.06892166,0.077662262,0.077092172,0.095959963,0.113836239,0.082468799,0.071895596,0.060189596,0.117865958,0.087798211,0.094389465,0.071255135,0.079771537,0.091613274,0.145613708,0.154172732,0.171154141,0.133756176,0.117955946,0.102776558,0.10264456,0.12497862,0.12266938,0.135383534,0.132566904,0.080440951,0.125684115,0.115296051,0.116229491,0.084368869,0.092662078,0.085958523,0.084602854,0.107544629,0.109702629,0.079709761,0.08052087,0.137479297,0.053358508,0.078161901,0.142445798,0.09275948,0.089653255,0.133295219,0.090984386,0.097857683,0.106433825
0.106615751,0,0.100910491,0.084135617,0.093032384,0.042776006,0.042682514,0.08122974,0.071670606,0.150627634,0.109826693,0.106409252,0.054881042,0.064778272,0.061681651,0.070230503,0.071423308,0.068648955,0.067733763,0.069198507,0.061198864,0.053777217,0.106845601,0.079504113,0.039030921,0.076467152,0.080750301,0.084016836,0.060492914,0.063561879,0.0608741,0.110902014,0.060682602,0.079638175,0.062057835,0.046686285,0.047548016,0.065359442,0.069804151,0.066409661,0.048892883,0.040253545,0.111423379,0.070053571,0.104127575,0.058043527,0.067412865,0.077687739,0.081350501,0.086508209,0.119219685,0.131185794,0.081729069,0.110320198,0.054795181,0.05114794,0.05300806,0.085065139,0.07485207,0.070188355,0.051040806,0.069190675,0.065767679,0.065015988,0.078340421,0.042894522,0.053221901,0.052696323,0.116374204,0.084979077,0.078165582,0.050880744,0.047617117,0.048137716,0.06074372,0.043886668,0.078756857,0.098305067,0.078130023,0.045577776,0.064098504,0.059394742,0.060848084,0.063477938,0.068755682,0.066867248,0.049142102,0.041931466,0.05770387,0.041765098,0.106157799,0.072610268,0.066102878,0.057322076,0.059173672,0.09569033,0.074035002,0.05914404,0.059643384,0.043889184,0.092097156,0.058292759,0.075654374,0.073613635,0.086738509,0.078852641,0.083375296,0.074595474,0.06704952,0.093908211,0.042913331,0.082029484,0.060458281,0.101698472,0.089027901,0.072808184,0.061191397,0.081624088,0.058215328,0.07741835,0.059014739,0.088511196,0.058842672,0.096355657,0.095122058,0.120620951,0.079303339,0.064362109,0.064629513,0.048296726,0.083368629,0.08819349,0.07494115,0.088717471,0.088644799,0.081110741,0.085513105,0.05338778,0.045097258,0.062226823,0.06499424,0.054851962,0.069436848,0.062229184,0.060244496,0.088582399,0.081898178,0.055204493,0.058998304,0.082150971,0.063190313,0.044708204,0.07592397,0.05436247,0.047403703,0.051686512
0.134949664,0.100910491,0,0.031362087,0.044883967,0.051728521,0.077184125,0.033975407,0.031968003,0.071294049,0.071148383,0.135278466,0.10549308,0.079290725,0.069455165,0.083121482,0.111798405,0.1132611,0.076050859,0.124122929,0.083211607,0.087133608,0.134709149,0.043102685,0.065050933,0.029965102,0.05057942,0.043796677,0.061401087,0.039138345,0.044737342,0.146821196,0.07667969,0.10927349,0.098002736,0.107186036,0.064080681,0.086863415,0.085924966,0.112643752,0.109414118,0.103722721,0.147538735,0.065091057,0.074705947,0.067940821,0.082402166,0.04304314,0.063362234,0.05060367,0.096107742,0.086868108,0.067193624,0.146917175,0.119572169,0.111161924,0.067189814,0.107375175,0.110980505,0.159227422,0.073872928,0.097739437,0.118346606,0.117604359,0.089106264,0.053385177,0.108815798,0.050740761,0.193902139,0.096021261,0.057793978,0.079075646,0.056416268,0.059825309,0.107289783,0.091917162,0.088557773,0.129697618,0.089648905,0.052446222,0.066693757,0.059145157,0.05167135,0.044151363,0.066731614,0.106319055,0.081392634,0.054851459,0.054479406,0.082229322,0.200910949,0.133678333,0.080374571,0.108818724,0.098041907,0.162694198,0.149289848,0.082715309,0.074305963,0.082249748,0.089455538,0.066079089,0.109085944,0.078152426,0.111270334,0.080763284,0.086326929,0.068081327,0.094035067,0.111831876,0.081703234,0.070467021,0.060885313,0.051893226,0.079769207,0.05834951,0.077801463,0.041811364,0.074004001,0.073186115,0.081452425,0.118313708,0.04066131,0.096991449,0.104413876,0.116198961,0.04400559,0.053865019,0.077240132,0.043224381,0.037588549,0.067020075,0.079621708,0.060216263,0.118287503,0.041893503,0.05627472,0.08070584,0.069043999,0.065474405,0.046520299,0.048036172,0.038412157,0.03787103,0.065477673,0.117791036,0.064526167,0.097525089,0.066803168,0.047917429,0.036203642,0.060225593,0.056272262,0.039789468,0.101099126,0.088339356
0.112646484,0.084135617,0.031362087,0,0.047213567,0.041599626,0.053672277,0.02853719,0.028250541,0.056823121,0.044132838,0.112925215,0.061551202,0.066920211,0.048560646,0.055226926,0.08624887,0.094849711,0.051123084,0.087662443,0.059252555,0.051125274,0.112582936,0.026861501,0.043796482,0.036587559,0.040744768,0.039380996,0.053257704,0.031669414,0.033655509,0.119117787,0.046001406,0.063309248,0.065383377,0.072783141,0.041324747,0.057344453,0.053041532,0.069727562,0.076337393,0.075438766,0.119613783,0.048091894,0.048146444,0.054213595,0.048415051,0.028762066,0.034194389,0.036536986,0.058840316,0.058807959,0.054375133,0.119027258,0.093474834,0.091073687,0.054635785,0.086703187,0.091910277,0.133902654,0.057231735,0.084205872,0.09965576,0.102268493,0.078828165,0.040565567,0.0831218,0.036168919,0.171078281,0.076157897,0.053283447,0.055320114,0.053153434,0.055499871,0.08887439,0.074523872,0.078395592,0.089068474,0.079143758,0.039538398,0.046781019,0.04755818,0.048620067,0.029464219,0.034517572,0.06271571,0.054803014,0.04993695,0.05042598,0.060873875,0.162654805,0.085873575,0.04418085,0.072861212,0.060475255,0.111233163,0.112920929,0.06359187,0.064111548,0.063656134,0.081886581,0.058094131,0.082167468,0.061983936,0.089912614,0.05612106,0.063840394,0.060447981,0.062299673,0.081274462,0.060698902,0.060229824,0.038013956,0.042664648,0.052652319,0.032214674,0.050249319,0.029684929,0.037259914,0.044366845,0.051938706,0.087383677,0.034298492,0.065152154,0.071406004,0.078726281,0.035897618,0.041107771,0.046102749,0.028396742,0.026103677,0.049502906,0.051053931,0.043023996,0.08726636,0.03040756,0.029880881,0.057937588,0.054905648,0.043889358,0.045187571,0.035212275,0.027727756,0.023375725,0.038157801,0.086916257,0.05701236,0.071228169,0.047812153,0.047848813,0.031894163,0.047009033,0.048745144,0.037241427,0.063304584,0.057577301
0.154223382,0.093032384,0.044883967,0.047213567,0,0.043121172,0.070264212,0.031466373,0.034177763,0.049709378,0.061905349,0.154158137,0.10247996,0.110804226,0.083354786,0.101152644,0.140662652,0.150168872,0.106966716,0.137931975,0.099749871,0.098032164,0.154393585,0.052704033,0.066731562,0.042724252,0.079256525,0.077511495,0.029302514,0.032906361,0.046449306,0.181612672,0.079584249,0.093643911,0.098366727,0.103615785,0.047131966,0.079702228,0.078541539,0.090896575,0.101808119,0.109553089,0.182251593,0.038879716,0.056551368,0.090464943,0.080443345,0.06680958,0.052409546,0.045724363,0.070281828,0.072220558,0.068226198,0.181160979,0.134961212,0.132369997,0.077042457,0.145309757,0.132490148,0.162795631,0.083023318,0.094558823,0.139781162,0.140302479,0.116899358,0.06075374,0.126529207,0.061159659,0.224341548,0.13375558,0.098394475,0.08903711,0.07861818,0.08365893,0.139664618,0.109468107,0.115943257,0.147339942,0.116728126,0.056177776,0.10000003,0.04407662,0.080865012,0.059391362,0.07117869,0.103347487,0.098041875,0.056353288,0.081251033,0.087714812,0.218389201,0.113572173,0.068380221,0.117713616,0.113376169,0.144388363,0.158383066,0.110333186,0.096793063,0.100376617,0.137567811,0.085375638,0.12964499,0.10005418,0.139118561,0.087176026,0.113614708,0.103146066,0.081707327,0.142238845,0.087289335,0.111092604,0.067166296,0.086023689,0.107495453,0.083569473,0.09474162,0.047667733,0.070968188,0.075866095,0.082684517,0.129235665,0.041687549,0.069700581,0.06703524,0.069591921,0.028465487,0.042283672,0.071013742,0.038145792,0.025111015,0.062792604,0.059552125,0.043079718,0.129615578,0.030160663,0.051566896,0.088530307,0.080815586,0.07574857,0.075473523,0.059793393,0.061127601,0.051511625,0.072070538,0.129412515,0.035906729,0.110245288,0.091941991,0.034284912,0.0560709,0.065484284,0.034991704,0.056490059,0.079301721,0.069777307
0.104461541,0.042776006,0.051728521,0.041599626,0.043121172,0,0.031489554,0.038049352,0.036384778,0.093959597,0.070922377,0.10434859,0.056435656,0.05828656,0.048697203,0.062333789,0.081573149,0.082891378,0.058964405,0.083274684,0.053901009,0.057239855,0.104689463,0.043398354,0.035152585,0.043662698,0.055566449,0.05373633,0.042814175,0.037074352,0.03959635,0.113687931,0.044186872,0.060786542,0.054125004,0.048362166,0.028046284,0.05015923,0.052798371,0.055233234,0.049762178,0.045986995,0.114232076,0.03951324,0.069036557,0.049198618,0.058166497,0.047979536,0.051038872,0.044346846,0.089108239,0.098933781,0.047719532,0.113139746,0.06388459,0.059577409,0.040830163,0.079870466,0.073486648,0.086742242,0.040663426,0.059149982,0.069848495,0.075732838,0.071819243,0.025208891,0.059729053,0.031312335,0.136900872,0.075632477,0.056605488,0.038789172,0.032683966,0.03754823,0.066972361,0.047597894,0.071564767,0.089956199,0.071588187,0.028627591,0.044408168,0.037363797,0.04159562,0.036284352,0.049247979,0.063811992,0.042625464,0.022665614,0.034102731,0.032592252,0.129659985,0.078776648,0.044351503,0.053241327,0.062195027,0.101040056,0.090388795,0.056821131,0.052968516,0.042763708,0.088836626,0.056790922,0.078969365,0.064110949,0.09979641,0.069691255,0.072054616,0.064842407,0.060378992,0.098063464,0.03253037,0.065015334,0.046968891,0.078165511,0.074997644,0.052928091,0.048173962,0.05109479,0.042167578,0.058990352,0.054127772,0.080735607,0.034923049,0.070086371,0.070626374,0.090329019,0.042699267,0.034953211,0.049348261,0.02113181,0.033975157,0.055263599,0.057221806,0.054873985,0.080826741,0.036663082,0.052154872,0.039859036,0.029405027,0.036875605,0.03907166,0.031901876,0.030865969,0.031966299,0.03400567,0.080843287,0.048282212,0.047752037,0.040578784,0.053237495,0.03703902,0.030263673,0.045524082,0.036470381,0.05276933,0.047443597
0.076174765,0.042682514,0.077184125,0.053672277,0.070264212,0.031489554,0,0.047790825,0.059532749,0.121978575,0.089873715,0.075779776,0.054933181,0.068229062,0.058045312,0.068312488,0.088465507,0.086853772,0.055678581,0.085844549,0.06426104,0.056626462,0.076474222,0.065639892,0.024069458,0.063560064,0.052237493,0.05431062,0.056007537,0.050055957,0.036297274,0.082576231,0.056422834,0.073788873,0.060849807,0.041414747,0.045685257,0.075692318,0.082174454,0.070965762,0.064083908,0.057670816,0.083448332,0.058595057,0.095218869,0.038286519,0.065325179,0.056321952,0.066824154,0.069698175,0.106447506,0.123130233,0.082554278,0.082308788,0.060412866,0.051526016,0.049565072,0.072067356,0.068095544,0.073391847,0.043120718,0.077617465,0.057108021,0.063333471,0.048883833,0.0324127,0.049043969,0.029529593,0.111727495,0.055373742,0.043377683,0.038749359,0.035501519,0.039207136,0.04928354,0.044281014,0.049089878,0.068235606,0.048718711,0.026437104,0.036990759,0.040028038,0.037419462,0.034915486,0.039946768,0.060666591,0.038655966,0.028694715,0.036140774,0.032525067,0.101185099,0.075920173,0.05811755,0.041619547,0.054110016,0.084693505,0.077672558,0.058057766,0.064913666,0.034007087,0.090488773,0.059662279,0.053348533,0.060947335,0.104897618,0.075741952,0.074092467,0.070818837,0.060855238,0.082116895,0.033279831,0.068825575,0.044894438,0.08575925,0.076430088,0.050525245,0.045479773,0.062853189,0.04353332,0.057594457,0.051111565,0.044455272,0.031413028,0.095073119,0.09138289,0.106878645,0.067019214,0.055813329,0.060183318,0.03478646,0.050631604,0.079832337,0.077351648,0.071744374,0.044516046,0.056884295,0.063377626,0.061542626,0.033312747,0.055454422,0.042155866,0.043548621,0.053489212,0.049427948,0.036361518,0.044710149,0.060987935,0.038509364,0.035630508,0.074767733,0.038275206,0.034274893,0.068252433,0.037667442,0.050902376,0.048720841
0.121931809,0.08122974,0.033975407,0.02853719,0.031466373,0.038049352,0.047790825,0,0.027450256,0.066674231,0.063999811,0.122037826,0.083369588,0.089143868,0.068275825,0.085457404,0.116061758,0.12298722,0.076365732,0.120586445,0.081824081,0.076015281,0.12206462,0.041371805,0.050741627,0.03269029,0.043314961,0.045378059,0.039809145,0.029801269,0.036412665,0.135765631,0.06423752,0.090989396,0.085441795,0.082914101,0.044438623,0.086955459,0.080250553,0.091608993,0.09718565,0.096368673,0.136511725,0.051852101,0.064703771,0.053093033,0.070289394,0.042256442,0.053325984,0.051623191,0.077382156,0.07837876,0.065412644,0.13556656,0.110216612,0.101344504,0.068168538,0.109065805,0.106689155,0.14402764,0.068957685,0.10599644,0.11299451,0.114944497,0.079789157,0.044612556,0.098226087,0.043439722,0.18754824,0.09735528,0.062973935,0.073099712,0.056051972,0.063504301,0.099146365,0.086373245,0.079195847,0.112617984,0.079764257,0.035869061,0.059536513,0.03958998,0.051808578,0.037390945,0.051389837,0.089892927,0.070922387,0.043686004,0.050460565,0.069939691,0.181504609,0.100401525,0.060752882,0.088598952,0.083611589,0.127576156,0.131236993,0.076987135,0.077077885,0.063015716,0.099511284,0.062752912,0.084750962,0.067550058,0.114102909,0.070409395,0.081037663,0.069542798,0.070608872,0.10423097,0.069943273,0.07621899,0.043671302,0.05542618,0.077560447,0.053125877,0.064881057,0.034560424,0.05803131,0.05594108,0.066295457,0.089617451,0.023076275,0.08895667,0.089473862,0.094817666,0.033738176,0.051542569,0.068727359,0.03131735,0.025022435,0.06892077,0.074220378,0.055017265,0.089820906,0.027892401,0.043539388,0.080609932,0.065016727,0.064250911,0.048880218,0.043914194,0.041879537,0.036324329,0.051473506,0.089322484,0.038737268,0.084310274,0.063874737,0.042965809,0.032948214,0.055405072,0.048095386,0.035924442,0.078617537,0.069874707
0.134252422,0.071670606,0.031968003,0.028250541,0.034177763,0.036384778,0.059532749,0.027450256,0,0.057457094,0.054505108,0.134523093,0.077735799,0.075318449,0.063485725,0.077128357,0.106345178,0.112829437,0.075026947,0.108826875,0.076777663,0.068336333,0.133923433,0.04096973,0.049802311,0.035967252,0.059625683,0.059830589,0.037688271,0.028825647,0.041551644,0.14796446,0.05948351,0.079349084,0.074535663,0.078662191,0.038113803,0.056494237,0.054380239,0.075252783,0.076703097,0.079419237,0.148539726,0.040290239,0.046299342,0.06573364,0.062967636,0.041253821,0.042802654,0.040594006,0.06281204,0.064246249,0.050083845,0.147858348,0.104938651,0.101836606,0.060731819,0.108022501,0.103867512,0.136636736,0.059544143,0.075083116,0.10715811,0.109099777,0.087901192,0.043858403,0.092987149,0.043640471,0.191783313,0.101340361,0.076390796,0.062902207,0.05676247,0.059360996,0.10485828,0.08098349,0.087295542,0.123121059,0.087929567,0.042138639,0.068578898,0.040767887,0.058504248,0.045455026,0.058270291,0.084581663,0.069563838,0.047800753,0.061109115,0.069627848,0.180649824,0.09534622,0.048155272,0.087944546,0.079779903,0.128361628,0.127679503,0.071560205,0.065582992,0.068674008,0.091699696,0.056054246,0.104703634,0.07115006,0.098548486,0.068687132,0.080185595,0.072202539,0.057370721,0.107109934,0.069576504,0.081584973,0.04512697,0.06472229,0.073445007,0.053452577,0.06846549,0.036766617,0.056652235,0.052854473,0.061317445,0.110492932,0.035135712,0.069114621,0.070893082,0.078886423,0.026513807,0.034994776,0.054780037,0.026334124,0.026074632,0.050236468,0.051230693,0.044693285,0.110433524,0.034687773,0.042693739,0.061269136,0.058180683,0.058800209,0.056359016,0.040386984,0.042482962,0.030675942,0.052846913,0.109899246,0.046866425,0.089685136,0.07004425,0.040139121,0.039828718,0.052548247,0.040119156,0.040032422,0.068261232,0.057913355
0.186028605,0.150627634,0.071294049,0.056823121,0.049709378,0.093959597,0.121978575,0.066674231,0.057457094,0,0.03761047,0.18677218,0.108160916,0.122772219,0.100614848,0.102193188,0.16332379,0.186436359,0.127909764,0.148540755,0.106461374,0.104754943,0.1865653,0.061686788,0.10350648,0.0671097,0.098610092,0.102651857,0.064921986,0.058877221,0.081233397,0.225513013,0.086254916,0.08670983,0.110536378,0.1386181,0.07073202,0.08126212,0.08087236,0.094691723,0.117038801,0.145625232,0.226632156,0.056271306,0.041241654,0.1315682,0.089067908,0.095705532,0.049274525,0.046319705,0.045595408,0.046098794,0.082488841,0.225342408,0.171861191,0.177074383,0.105657606,0.177147302,0.168240749,0.212025653,0.102702473,0.108006649,0.179945872,0.185971157,0.159954498,0.113937777,0.169589371,0.099166949,0.290129879,0.173993547,0.144420366,0.118247308,0.131006143,0.129537986,0.190417735,0.146906501,0.158815547,0.168465938,0.159852671,0.103584264,0.129489455,0.096655509,0.127873766,0.088483815,0.086427533,0.114734124,0.124134487,0.107690879,0.122015499,0.129397029,0.273430984,0.13947478,0.0762703,0.159331753,0.145659537,0.171208097,0.20466711,0.14977616,0.141686904,0.156149874,0.183629644,0.130269112,0.170515999,0.147029957,0.169973579,0.10616976,0.139315713,0.132327086,0.122669532,0.181710367,0.127985878,0.155169446,0.10155429,0.100581188,0.127601754,0.104466494,0.115769047,0.062626585,0.089874217,0.110137877,0.116023037,0.177796555,0.079408478,0.054751048,0.052263852,0.045188429,0.039847687,0.050298773,0.06634211,0.071912996,0.04541298,0.05756877,0.056173281,0.032367597,0.178004259,0.037265085,0.03934774,0.106825631,0.115550474,0.084005412,0.107617454,0.081444288,0.078163297,0.063326754,0.090435853,0.177677942,0.068740801,0.152985104,0.121857775,0.050537523,0.082619955,0.105251333,0.045499414,0.087798063,0.091273379,0.083413327
0.132170079,0.109826693,0.071148383,0.044132838,0.061905349,0.070922377,0.089873715,0.063999811,0.054505108,0.03761047,0,0.132582576,0.061266698,0.075782365,0.056502186,0.052837672,0.102455158,0.124029136,0.081650158,0.088495237,0.060774175,0.059386033,0.13271237,0.04008076,0.065959976,0.058841686,0.068147972,0.070977457,0.068743854,0.048022125,0.063057103,0.162029182,0.049115385,0.048244057,0.067577282,0.087665334,0.050033536,0.056557313,0.055024718,0.059856161,0.077918781,0.097130212,0.162623528,0.048301124,0.038355527,0.089543033,0.056838136,0.074641977,0.030334166,0.035476956,0.036826815,0.047731297,0.064452926,0.161501207,0.110460788,0.11956935,0.064589267,0.11936896,0.114877299,0.150958573,0.064813856,0.073518668,0.121415692,0.131227429,0.116706967,0.081483125,0.113787005,0.066121925,0.217157018,0.118121868,0.108183845,0.072162867,0.091528962,0.094200457,0.132310148,0.098196203,0.115903112,0.108649134,0.116608411,0.079091384,0.08980456,0.083854062,0.095380146,0.06329232,0.049306689,0.063897137,0.076790277,0.082203817,0.086491221,0.087476904,0.197744124,0.088240107,0.041857059,0.105623852,0.097161408,0.113914972,0.140822139,0.10257203,0.099348057,0.113096684,0.142843408,0.09358381,0.121075558,0.102472967,0.120547191,0.0709402,0.092607022,0.093690381,0.086874941,0.130299133,0.086174847,0.105384025,0.077904041,0.074614414,0.088150394,0.068827991,0.070577953,0.053360785,0.0602219,0.082840077,0.080350088,0.136696258,0.067051551,0.040380014,0.046283414,0.049520417,0.041839303,0.040791705,0.038169264,0.056439021,0.047945342,0.0419802,0.044955114,0.032650451,0.136794558,0.039181987,0.027328673,0.076653109,0.081872904,0.054608701,0.083094354,0.058630096,0.056969731,0.047831774,0.055238153,0.136504305,0.074531028,0.100607886,0.084581184,0.053368544,0.066649619,0.075697107,0.04770624,0.069216172,0.054883099,0.060212535
0.003588824,0.106409252,0.135278466,0.112925215,0.154158137,0.10434859,0.075779776,0.122037826,0.134523093,0.18677218,0.132582576,0,0.091121231,0.086056004,0.073578135,0.079022293,0.094126013,0.08069002,0.078496454,0.096416528,0.089311991,0.08292171,0.003752216,0.108599589,0.067795015,0.120166711,0.079610455,0.070007422,0.139236133,0.114192243,0.090103507,0.041021827,0.090942111,0.108253021,0.088741781,0.073503185,0.111434358,0.125689454,0.130090014,0.113430171,0.105969134,0.102257679,0.04170017,0.127773144,0.167658988,0.061587189,0.106388063,0.095246751,0.118918861,0.119904951,0.177819081,0.194401604,0.132408945,0.04088632,0.068738808,0.065354877,0.069788374,0.044711658,0.043245473,0.065955152,0.070536262,0.112730462,0.059690411,0.060059835,0.032891429,0.087540511,0.05745194,0.06401951,0.088687113,0.053697825,0.085839661,0.060234621,0.071298388,0.077277816,0.06445777,0.065568502,0.032508407,0.049353888,0.032339993,0.087233218,0.071156109,0.115742004,0.086802534,0.083665342,0.070125334,0.077889557,0.068344082,0.092400054,0.073711999,0.078044904,0.080373789,0.078286646,0.099246271,0.079144911,0.084728207,0.067999999,0.066964454,0.064882288,0.084516114,0.072708957,0.099693062,0.090064328,0.043666581,0.075110591,0.106788509,0.100458775,0.091160127,0.093727943,0.11328129,0.068687368,0.077953385,0.07715519,0.096192819,0.114159422,0.082955877,0.072517987,0.060004772,0.1180996,0.088093416,0.094294641,0.07100126,0.079196872,0.091320589,0.146367147,0.154570059,0.171614849,0.134411316,0.118507779,0.103765038,0.102907679,0.12509577,0.123616992,0.13655589,0.133090108,0.07987599,0.125884915,0.116093448,0.116976108,0.084544999,0.093259954,0.086574205,0.084955582,0.108413799,0.109939967,0.079699856,0.080043326,0.137064296,0.053375128,0.078720039,0.142888916,0.093157763,0.089700102,0.13370052,0.091120319,0.097989158,0.107137312
0.090770642,0.054881042,0.10549308,0.061551202,0.10247996,0.056435656,0.054933181,0.083369588,0.077735799,0.108160916,0.061266698,0.091121231,0,0.051020323,0.039642554,0.035871672,0.048865784,0.058515807,0.041845025,0.039296662,0.029574395,0.023897379,0.091298967,0.051683114,0.04152533,0.080298815,0.060119457,0.073172046,0.080731009,0.063097567,0.068292654,0.098604679,0.028244255,0.036466626,0.03927625,0.037831244,0.042929957,0.050146738,0.047597575,0.037906348,0.041601129,0.040707827,0.099222623,0.057868696,0.069242166,0.06173845,0.029998978,0.064782744,0.043571034,0.05638437,0.069890909,0.085853342,0.065755738,0.097992122,0.051169236,0.059861498,0.053374864,0.068540301,0.062828906,0.076785353,0.04047437,0.064117342,0.065457656,0.071169612,0.083647097,0.050152082,0.048928494,0.047933822,0.130663446,0.069923167,0.08159053,0.036185726,0.062407812,0.063602504,0.063486288,0.042873504,0.083837703,0.062653443,0.083662947,0.064576273,0.053367628,0.085374888,0.074726424,0.055004266,0.040965546,0.038458853,0.039525641,0.064413801,0.060812221,0.049227613,0.109342041,0.049652626,0.029072298,0.047251462,0.039901381,0.072167154,0.068349637,0.057720067,0.059743158,0.058558634,0.091630285,0.066437318,0.066719561,0.069624043,0.075942888,0.047879731,0.055862178,0.065035461,0.064327198,0.085322795,0.049549792,0.07748569,0.058149844,0.08027744,0.058913684,0.047586765,0.031426459,0.071956919,0.037577872,0.072295243,0.054446265,0.084822099,0.068845805,0.061169792,0.059818153,0.081113141,0.072789459,0.050929522,0.03810966,0.0529678,0.072236729,0.056615537,0.05407464,0.064535274,0.084798804,0.064387901,0.043577126,0.037181414,0.043472122,0.033223659,0.066638508,0.040016333,0.050537407,0.050938175,0.036935133,0.084990964,0.101108271,0.049816425,0.049795114,0.089811747,0.064184983,0.052735154,0.07752814,0.061442147,0.033129221,0.043296331
0.0851908,0.064778272,0.079290725,0.066920211,0.110804226,0.05828656,0.068229062,0.089143868,0.075318449,0.122772219,0.075782365,0.086056004,0.051020323,0,0.048213505,0.024983636,0.054438725,0.063618567,0.04893907,0.047654186,0.027196057,0.036908445,0.085473662,0.059213814,0.044475688,0.070006941,0.053936423,0.056912035,0.097073416,0.070555001,0.068074075,0.088895915,0.043073741,0.054494035,0.047765011,0.04638319,0.059461805,0.04504419,0.051914985,0.063893624,0.042276751,0.043202245,0.088619092,0.08316096,0.096150598,0.055731573,0.067112929,0.066341259,0.071552435,0.056638955,0.112425192,0.116290315,0.052231431,0.088697309,0.033286223,0.047155344,0.029645551,0.049215193,0.057359894,0.062862597,0.024599164,0.036139824,0.036266819,0.049996664,0.068248997,0.056268912,0.04677318,0.04027843,0.119961441,0.067637168,0.073064028,0.033240717,0.038408328,0.036423914,0.055816932,0.030867731,0.068041506,0.070564329,0.068326339,0.065332706,0.045780919,0.095919587,0.070444659,0.064129366,0.059170477,0.05064548,0.035249286,0.057070194,0.048528669,0.041632597,0.10829977,0.088874255,0.055579133,0.057664437,0.059172347,0.101335716,0.088451571,0.060528933,0.058572674,0.058458745,0.088857235,0.067377008,0.080181632,0.068117181,0.085176559,0.079213015,0.068941154,0.050318572,0.088592411,0.099966052,0.041423852,0.073315833,0.073734499,0.072521619,0.073574212,0.047386106,0.041364911,0.08541782,0.062677646,0.092367502,0.085532264,0.092250397,0.072874841,0.074077671,0.095542485,0.116951746,0.074490403,0.051407173,0.037581805,0.051350253,0.080201816,0.047779455,0.066296377,0.067644865,0.091955227,0.072961328,0.063498026,0.042341786,0.045320377,0.044432025,0.042784604,0.040186902,0.051523391,0.04975609,0.038457906,0.092182834,0.102313238,0.046132605,0.038954336,0.078003879,0.053619322,0.058718543,0.068240753,0.047651819,0.045268717,0.051781309
0.072894667,0.061681651,0.069455165,0.048560646,0.083354786,0.048697203,0.058045312,0.068275825,0.063485725,0.100614848,0.056502186,0.073578135,0.039642554,0.048213505,0,0.034020141,0.030260584,0.045296935,0.034105855,0.040626253,0.030992996,0.029216459,0.073690142,0.037484488,0.039194823,0.047575049,0.047129211,0.040456955,0.070079594,0.046303712,0.054808533,0.082947973,0.031453192,0.059608767,0.053140807,0.054405455,0.043105686,0.054303193,0.05046091,0.056704885,0.058392444,0.050048454,0.083539494,0.05824498,0.074004763,0.053261575,0.037236844,0.041771353,0.041494171,0.049901943,0.07918458,0.084732677,0.058355869,0.082465514,0.061578675,0.06588366,0.042977385,0.052865567,0.050227102,0.089939566,0.047136284,0.065136755,0.063880836,0.068937971,0.054621414,0.039642341,0.049546999,0.034289193,0.125966624,0.055325891,0.065316308,0.034187237,0.047384623,0.052697392,0.058447645,0.043402785,0.054760489,0.062631,0.054761659,0.051989641,0.047057053,0.070003649,0.053698508,0.044859211,0.036628472,0.049406249,0.04297409,0.055325251,0.053338907,0.057397225,0.111929403,0.057480503,0.035709181,0.054499171,0.037595487,0.080157996,0.074099626,0.045344708,0.038319586,0.05259933,0.059454531,0.049308631,0.056894321,0.052596815,0.054420494,0.038663435,0.038791496,0.043467558,0.063855006,0.057397375,0.056973947,0.046383063,0.044782853,0.059984155,0.038757707,0.035845775,0.036606954,0.049289616,0.035362888,0.056893864,0.039250502,0.086631105,0.057238253,0.066143167,0.07279456,0.094391506,0.063879898,0.045884086,0.042154718,0.048351369,0.062029703,0.049836915,0.057960906,0.059246056,0.086439925,0.058931992,0.040927682,0.042433859,0.042425842,0.030710397,0.05098552,0.033727366,0.039916959,0.040878432,0.04113036,0.086369054,0.092705284,0.044350621,0.049384519,0.070162579,0.049702379,0.035043083,0.064183972,0.045953607,0.047480357,0.052608357
0.078147582,0.070230503,0.083121482,0.055226926,0.101152644,0.062333789,0.068312488,0.085457404,0.077128357,0.102193188,0.052837672,0.079022293,0.035871672,0.024983636,0.034020141,0,0.039250862,0.050912546,0.043189796,0.031312161,0.022224053,0.023451064,0.078637597,0.044938999,0.044754211,0.065742752,0.051352115,0.052222403,0.093417525,0.061311464,0.062641954,0.086496662,0.028123027,0.034300743,0.037876174,0.041813449,0.054850643,0.039177856,0.041213988,0.050789733,0.04349726,0.049870484,0.086218137,0.069854756,0.075820007,0.053471448,0.041905634,0.060147292,0.049993348,0.045416029,0.088450756,0.093969887,0.052630418,0.085729412,0.039683776,0.056860622,0.032829345,0.049585303,0.053869992,0.075411105,0.035158907,0.046587344,0.051081262,0.057598136,0.074571762,0.054692092,0.053891991,0.043223995,0.126199866,0.064335503,0.073812737,0.033278716,0.05043617,0.048596006,0.063574207,0.039523046,0.074441103,0.056209994,0.074407458,0.067802113,0.047765928,0.09395694,0.07653278,0.054432144,0.039891083,0.033143583,0.035246803,0.066386049,0.055428339,0.047743301,0.113314569,0.066789787,0.041250862,0.06307853,0.054905019,0.083160461,0.077227894,0.057892506,0.056222807,0.063153812,0.09066714,0.063051002,0.069054215,0.066416987,0.068532619,0.054798806,0.061691533,0.049877729,0.080641214,0.082618969,0.047335827,0.068199575,0.072681544,0.056003273,0.055586388,0.041688987,0.035673205,0.074755515,0.049535083,0.079478281,0.068547206,0.098513318,0.073067553,0.056795131,0.077287107,0.09378849,0.066122753,0.047798094,0.028675752,0.052015275,0.075440213,0.040780119,0.052179183,0.057911094,0.098071367,0.06390586,0.045029524,0.046346474,0.047965224,0.032008595,0.053232225,0.037958424,0.046555855,0.045521546,0.03783047,0.098094885,0.10265546,0.049189527,0.042462917,0.077407458,0.057866036,0.061386861,0.066019908,0.05381165,0.036313702,0.049515584
0.093499171,0.071423308,0.111798405,0.08624887,0.140662652,0.081573149,0.088465507,0.116061758,0.106345178,0.16332379,0.102455158,0.094126013,0.048865784,0.054438725,0.030260584,0.039250862,0,0.026414435,0.040691375,0.027116037,0.039938982,0.034673849,0.093968392,0.066210193,0.066573737,0.089719591,0.069073862,0.065628584,0.117456782,0.089788768,0.095934816,0.086775685,0.04666249,0.079556917,0.068442321,0.060295639,0.075084814,0.072271444,0.064903654,0.073749708,0.069394093,0.049730134,0.086662037,0.103789424,0.116657813,0.073459144,0.054049658,0.068070398,0.084007347,0.086660395,0.124134063,0.126236868,0.084493145,0.086070137,0.058978141,0.069799936,0.064677566,0.054029456,0.055906613,0.087224189,0.069410582,0.085523296,0.064675827,0.068155845,0.077322149,0.060257574,0.048410757,0.061672171,0.112133895,0.060448925,0.083645062,0.050453441,0.062117199,0.065232193,0.055982134,0.046484369,0.078160478,0.069813401,0.077794848,0.086629035,0.062941901,0.114214773,0.083409199,0.076915262,0.067292342,0.060265107,0.060511606,0.088419252,0.077767279,0.076133613,0.097220435,0.070086371,0.057613069,0.061136564,0.038494536,0.097138078,0.067832863,0.05404787,0.045379843,0.065893281,0.055403645,0.063706141,0.064198814,0.06400383,0.039810659,0.052166203,0.041465122,0.047026322,0.087987249,0.061097643,0.076189661,0.058383118,0.073252248,0.077725556,0.049300383,0.053849634,0.048489808,0.093515541,0.059954165,0.085333017,0.0663748,0.107459985,0.099461002,0.09642233,0.113855502,0.141783154,0.113187882,0.086187907,0.067684797,0.085939711,0.113974081,0.080659119,0.084907076,0.106757203,0.106969481,0.110853955,0.083186307,0.05552119,0.061414969,0.055217518,0.077530318,0.059314218,0.069543734,0.07488896,0.067441987,0.106897852,0.147955478,0.056487301,0.067429868,0.119185241,0.082312924,0.061553958,0.110010648,0.075481071,0.066666261,0.080235491
0.080086345,0.068648955,0.1132611,0.094849711,0.150168872,0.082891378,0.086853772,0.12298722,0.112829437,0.186436359,0.124029136,0.08069002,0.058515807,0.063618567,0.045296935,0.050912546,0.026414435,0,0.03721233,0.040632377,0.049742385,0.046284016,0.080137095,0.07611318,0.069366091,0.096905959,0.076507018,0.07215012,0.130210596,0.095139415,0.095843215,0.072707146,0.062384959,0.090854273,0.066597431,0.062323822,0.089199335,0.08542346,0.080149081,0.089443434,0.077449481,0.054701039,0.073056622,0.108786621,0.135955439,0.066506851,0.057740985,0.066395596,0.095209948,0.098748142,0.149740586,0.155583914,0.088058123,0.072394766,0.056510216,0.058381324,0.066597149,0.052618716,0.056181262,0.07995109,0.073546895,0.092226978,0.064059578,0.058759454,0.065208702,0.058163022,0.045080456,0.061218602,0.087550826,0.052770423,0.074250076,0.053173685,0.060814456,0.062374049,0.047090735,0.047907295,0.065861907,0.069794756,0.065673976,0.085754292,0.061206341,0.113329388,0.076107728,0.076583903,0.074137384,0.068651344,0.063458005,0.089693805,0.07261091,0.074262472,0.085012672,0.081676048,0.076896939,0.064929119,0.042161281,0.098070534,0.051195296,0.039099733,0.034333373,0.055868068,0.045384546,0.047308052,0.060987541,0.058543505,0.040576556,0.058068962,0.042211866,0.052258405,0.090043061,0.055494582,0.074642149,0.049790513,0.074280442,0.087648542,0.052559921,0.051738651,0.053975983,0.09943866,0.065495747,0.078560097,0.059997296,0.106062749,0.100154601,0.119474641,0.132939094,0.164384581,0.122247516,0.100636976,0.085538978,0.08835511,0.124161672,0.096953951,0.100291452,0.124859963,0.105865952,0.123969007,0.10464738,0.065247135,0.064411648,0.065687304,0.079880895,0.064094278,0.077620225,0.087532336,0.078587712,0.105472314,0.155306775,0.055973505,0.06478219,0.13657521,0.087801386,0.068623686,0.130009392,0.083045363,0.078796078,0.091307967
0.077943609,0.067733763,0.076050859,0.051123084,0.106966716,0.058964405,0.055678581,0.076365732,0.075026947,0.127909764,0.081650158,0.078496454,0.041845025,0.04893907,0.034105855,0.043189796,0.040691375,0.03721233,0,0.038900104,0.032787703,0.029255052,0.077997255,0.044457813,0.043783106,0.067995378,0.041572129,0.049455832,0.097550113,0.06732933,0.064308668,0.06996332,0.035414856,0.065682538,0.047579923,0.053472374,0.058683406,0.062221595,0.056880348,0.064447263,0.063321122,0.044179948,0.070623296,0.076404302,0.095291824,0.050154583,0.039697702,0.041376622,0.05565407,0.0642477,0.102341105,0.106234447,0.062644139,0.0698576,0.054336015,0.052796037,0.052013108,0.052256249,0.057874614,0.085561827,0.048448213,0.071767954,0.057786945,0.062338614,0.06029055,0.039960832,0.040369707,0.035979667,0.104387432,0.04134536,0.045518434,0.03898861,0.040821914,0.047278918,0.041650354,0.039092799,0.060834891,0.053034107,0.060779383,0.056882463,0.036192494,0.080684175,0.050403084,0.042671136,0.044247703,0.051021921,0.04372107,0.060462676,0.048718354,0.052324072,0.094655503,0.075194604,0.054826316,0.039240532,0.026258727,0.093062199,0.065461352,0.038522671,0.0380726,0.051108146,0.048476574,0.048219501,0.05638457,0.050215418,0.054051494,0.044636491,0.02955386,0.045296648,0.0683299,0.052417217,0.052048817,0.047592783,0.044545552,0.066525332,0.04292642,0.026671612,0.040014617,0.065586432,0.040501722,0.055779565,0.052419635,0.07090089,0.060815698,0.079267722,0.087083443,0.110785838,0.084959628,0.067571557,0.054418987,0.057591548,0.075183858,0.057477631,0.067358011,0.07955639,0.07100678,0.081662382,0.059082482,0.047094344,0.045043895,0.047004603,0.048994851,0.043176761,0.04589304,0.056239395,0.044494597,0.070510954,0.115262777,0.044523632,0.035540608,0.096080498,0.053792405,0.048032078,0.092650703,0.0502147,0.055687495,0.057889036
0.095933267,0.069198507,0.124122929,0.087662443,0.137931975,0.083274684,0.085844549,0.120586445,0.108826875,0.148540755,0.088495237,0.096416528,0.039296662,0.047654186,0.040626253,0.031312161,0.027116037,0.040632377,0.038900104,0,0.023905951,0.023263036,0.0961434,0.066465248,0.062005266,0.097666182,0.0777813,0.083806739,0.116593858,0.091276475,0.091918787,0.089579296,0.038580259,0.053137776,0.045441151,0.050471538,0.073428426,0.05141477,0.050342501,0.051622057,0.048249846,0.040568129,0.08896696,0.092448867,0.100819129,0.082284874,0.046870922,0.079520039,0.073703991,0.076176908,0.109951697,0.116194397,0.071836952,0.088464692,0.04915804,0.062768806,0.056733173,0.055507718,0.057296782,0.072124967,0.059017034,0.065187271,0.061468003,0.068402143,0.095017582,0.062810021,0.049368624,0.06074879,0.104186971,0.066312153,0.090561034,0.045092922,0.065578224,0.06674621,0.061042834,0.043909927,0.095371951,0.062792743,0.095100745,0.090587599,0.066243556,0.111914998,0.09634848,0.076197233,0.061307624,0.040158259,0.052312966,0.08848014,0.082684356,0.068090708,0.092310407,0.061242917,0.053355036,0.058268097,0.046029162,0.084681797,0.0614118,0.061689044,0.054808618,0.069217392,0.084729349,0.074699546,0.076489773,0.073518989,0.054838952,0.054941899,0.053781714,0.063144692,0.083759392,0.075398949,0.067915346,0.077394559,0.081737442,0.08899728,0.057205134,0.054676703,0.051097849,0.102931296,0.058389568,0.089881423,0.07383625,0.106761079,0.101192625,0.06844403,0.085993869,0.113467575,0.108314771,0.079660078,0.052310795,0.081332103,0.11447471,0.067324713,0.065990791,0.094033383,0.106574761,0.107131969,0.07790498,0.053685982,0.060287617,0.051743582,0.084314188,0.062303229,0.078509901,0.078920042,0.063538612,0.106617028,0.142996379,0.056744044,0.064280505,0.119318303,0.090189369,0.070702697,0.103536296,0.081476909,0.044779571,0.062295551
